#基本数据模型
> M
  2 3 4 5 6 7 8 9 10 11
1 0 1 0 0 1 1 0 0  0  0
2 1 0 0 0 0 1 1 0  0  1
3 1 0 1 0 0 1 0 0  1  0
4 0 0 0 1 0 0 1 1  1  0
5 1 1 0 0 0 1 1 1  1  0

#svd矩阵奇异值分解
M.svd <- svd(M)
> M.svd
$d
[1] 3.4802380 1.9255318 1.5666781 1.4142136 0.8519333

$u
           [,1]       [,2]       [,3]          [,4]       [,5]
[1,] -0.2412630  0.4740813  0.7378949  3.641038e-18 -0.4153917
[2,] -0.4272043  0.2742856 -0.4400405 -7.071068e-01 -0.2205180
[3,] -0.4272043  0.2742856 -0.4400405  7.071068e-01 -0.2205180
[4,] -0.3538436 -0.7832185  0.1059604 -1.387779e-16 -0.5001358
[5,] -0.6719969 -0.1065384  0.2387724 -3.875185e-16  0.6928619

$v
             [,1]       [,2]        [,3]          [,4]        [,5]
 [1,] -0.43859228  0.2295640 -0.40934298  2.845237e-18  0.29559345
 [2,] -0.26241305  0.1908786  0.62340008 -1.655087e-16  0.32569475
 [3,] -0.12275147  0.1424467 -0.28087489  5.000000e-01 -0.25884419
 [4,] -0.10167224 -0.4067544  0.06763381  4.197152e-17 -0.58705987
 [5,] -0.06932371  0.2462080  0.47099329  6.051507e-17 -0.48758709
 [6,] -0.50791600  0.4757720  0.06165031  6.336031e-17 -0.19199364
 [7,] -0.41751305 -0.3196370 -0.06083428 -5.000000e-01 -0.03262223
 [8,] -0.29476157 -0.4620837  0.22004060 -2.534412e-16  0.22622196
 [9,] -0.41751305 -0.3196370 -0.06083428  5.000000e-01 -0.03262223
[10,] -0.12275147  0.1424467 -0.28087489 -5.000000e-01 -0.25884419

#相似矩阵
M.sim <-M.svd$u%*%diag(M.svd$d)%*%t(M.svd$v)

> M.sim
             [,1]         [,2]         [,3]          [,4]         [,5]
[1,] 9.992007e-16 1.000000e+00 3.747003e-16  2.498002e-16 1.000000e+00
[2,] 1.000000e+00 4.440892e-16 9.714451e-17 -3.053113e-16 2.775558e-16
[3,] 1.000000e+00 3.400058e-16 1.000000e+00  2.775558e-17 4.857226e-16
[4,] 8.326673e-17 1.387779e-16 1.110223e-16  1.000000e+00 0.000000e+00
[5,] 1.000000e+00 1.000000e+00 0.000000e+00  0.000000e+00 8.326673e-16
             [,6]          [,7]          [,8]          [,9]
[1,] 1.000000e+00  6.192963e-16  4.440892e-16  7.494005e-16
[2,] 1.000000e+00  1.000000e+00 -1.040834e-16 -2.185752e-16
[3,] 1.000000e+00 -3.096481e-16 -1.942890e-16  1.000000e+00
[4,] 1.665335e-16  1.000000e+00  1.000000e+00  1.000000e+00
[5,] 1.000000e+00  1.000000e+00  1.000000e+00  1.000000e+00
             [,10]
[1,]  2.220446e-16
[2,]  1.000000e+00
[3,] -2.220446e-16
[4,] -3.053113e-16
[5,]  0.000000e+00

